%YAML:1.0
# data
dataset_dir: /home/z/Desktop/car_database

# camera intrinsics
# fr1
camera.fx: 2307.4750772461
camera.fy: 2320.76193626933
camera.cx: 978.62834
camera.cy: 540.91143
camera.k1: -0.6773059
camera.k2: 0.6641442
camera.p1: -0.0005409772
camera.p2: -0.007703539
camera.k3: 0.3535328


# fr2
#camera.fx: 2307.4750772461
#camera.fy: 2320.76193626933
#camera.cx: 978.62834
#camera.cy: 540.91143

#camera.depth_scale: 5000

# VO Parameters
number_of_features: 10000
scale_factor: 1.2
level_pyramid: 12
match_ratio: 2.0
max_num_lost: 10
min_inliers: 30
keyframe_rotation: 0.1
keyframe_translation: 0.1
map_point_erase_ratio: 0.1



